[0m[38;2;0;0;0m                           [38;2;3;3;3m [38;2;6;7;8m [38;2;10;11;12m [38;2;22;23;27m [38;2;23;25;28m [38;2;23;25;27m [38;2;33;35;38m.[38;2;34;36;40m.[38;2;34;37;41m.[38;2;34;37;41m.[38;2;34;37;41m..[38;2;34;37;41m.[38;2;34;37;41m...[38;2;34;37;41m.[38;2;34;37;41m.[38;2;34;37;41m.[38;2;34;36;41m.[38;2;34;37;41m.[38;2;35;37;41m.[38;2;33;35;38m.[38;2;23;25;27m [38;2;23;25;27m [38;2;24;25;26m [38;2;10;11;12m [38;2;7;8;9m [38;2;6;6;6m [38;2;0;0;0m                          [0m
[0m[38;2;0;0;0m                       [38;2;2;2;3m [38;2;7;8;9m [38;2;21;22;23m [38;2;23;25;28m [38;2;35;37;41m.[38;2;34;36;41m.[38;2;34;37;41m.........................[38;2;34;37;41m.[38;2;29;31;34m.[38;2;23;25;27m [38;2;22;23;27m [38;2;7;8;9m [38;2;1;1;2m [38;2;0;0;0m                      [0m
[0m[38;2;0;0;0m                   [38;2;4;4;4m [38;2;15;16;17m [38;2;21;24;26m [38;2;26;28;31m [38;2;35;37;41m.[38;2;34;37;41m.[38;2;34;37;41m.[38;2;34;37;41m................................[38;2;34;37;41m.[38;2;34;36;41m.[38;2;25;27;31m [38;2;17;19;21m [38;2;14;15;18m [38;2;3;4;4m [38;2;0;0;0m                  [0m
[0m[38;2;0;0;0m                [38;2;1;1;1m [38;2;21;24;26m [38;2;23;25;27m [38;2;34;38;41m.[38;2;34;37;41m.[38;2;34;37;41m..........................................[38;2;34;37;41m.[38;2;22;25;27m [38;2;11;12;14m [38;2;0;0;0m                [0m
[0m[38;2;0;0;0m             [38;2;1;1;1m [38;2;14;17;18m [38;2;25;27;29m [38;2;30;33;36m.[38;2;34;37;41m.[38;2;34;37;41m...............................................[38;2;34;37;41m.[38;2;26;28;31m [38;2;17;19;21m [38;2;14;15;18m [38;2;4;4;4m [38;2;0;0;0m            [0m
[0m[38;2;0;0;0m            [38;2;9;10;12m [38;2;33;38;41m.[38;2;34;37;41m.[38;2;34;37;41m......................................................[38;2;27;29;32m.[38;2;2;2;2m [38;2;0;0;0m           [0m
[0m[38;2;0;0;0m         [38;2;1;1;1m [38;2;14;17;18m [38;2;25;28;31m [38;2;34;37;41m.[38;2;34;37;41m.........................................................[38;2;34;37;40m.[38;2;25;28;30m [38;2;14;15;18m [38;2;1;1;1m [38;2;0;0;0m        [0m
[0m[38;2;0;0;0m        [38;2;6;7;8m [38;2;33;38;41m.[38;2;34;37;41m.[38;2;34;37;41m..............................................................[38;2;33;35;41m.[38;2;3;3;3m [38;2;0;0;0m       [0m
[0m[38;2;0;0;0m       [38;2;18;21;22m [38;2;34;37;41m..................................................................[38;2;30;33;36m.[38;2;12;13;15m [38;2;0;0;0m      [0m
[0m[38;2;0;0;0m     [38;2;1;2;2m [38;2;19;22;24m [38;2;34;37;41m.[38;2;34;37;41m...................................................................[38;2;34;37;41m.[38;2;21;24;26m [38;2;11;11;11m [38;2;0;0;0m    [0m
[0m[38;2;0;0;0m    [38;2;1;2;2m [38;2;33;38;41m.[38;2;34;37;41m.[38;2;34;37;41m......................................................................[38;2;33;35;39m.[38;2;1;1;2m [38;2;0;0;0m   [0m
[0m[38;2;0;0;0m   [38;2;10;12;13m [38;2;33;38;41m.[38;2;34;37;41m.....[38;2;45;47;51m.[38;2;131;132;135mlllllllllllllllllllll[38;2;34;37;41m........[38;2;76;78;81m,[38;2;131;132;135mlllllllllllllllllll[38;2;124;126;128ml[38;2;114;115;118mc[38;2;103;105;108m:[38;2;93;95;98m;[38;2;79;81;85m,[38;2;56;59;63m.[38;2;34;37;41m............[38;2;33;36;41m.[38;2;2;3;3m [38;2;0;0;0m  [0m
[0m[38;2;0;0;0m  [38;2;2;2;3m [38;2;34;37;41m.[38;2;34;37;41m......[38;2;62;64;68m'[38;2;255;255;255mMMMMMMMMMMMMMMMMMMMMM[38;2;34;37;41m........[38;2;131;133;135ml[38;2;255;255;255mMMMMMMMMMMMMMMMMMMMMMMM[38;2;241;241;242mW[38;2;211;212;213mK[38;2;172;173;174mk[38;2;135;137;139mo[38;2;98;100;103m:[38;2;48;51;54m.[38;2;34;37;41m.........[38;2;21;22;25m [38;2;0;0;0m  [0m
[0m[38;2;0;0;0m  [38;2;21;22;25m [38;2;34;37;41m.......[38;2;62;64;68m'[38;2;255;255;255mMMMMMMMMMMMMMMMMMMMMM[38;2;34;37;41m........[38;2;131;133;135ml[38;2;255;255;255mMMMMMMMMMMMMMMMMMMMMMMMMMMM[38;2;248;248;248mW[38;2;207;207;208mK[38;2;151;153;155md[38;2;114;115;118mc[38;2;62;64;68m'[38;2;34;37;41m......[38;2;34;37;41m.[38;2;9;10;11m [38;2;0;0;0m [0m
[0m[38;2;0;0;0m [38;2;2;2;2m [38;2;34;37;41m.[38;2;34;37;41m.......[38;2;57;60;63m.[38;2;218;219;219mXXXXXXXXXXXX[38;2;232;232;233mN[38;2;255;255;255mMMMMMMMM[38;2;34;37;41m........[38;2;131;133;135ml[38;2;255;255;255mMMMMMMMM[38;2;246;246;246mW[38;2;236;237;237mNNNNNNNNN[38;2;241;241;242mW[38;2;255;255;255mMMMMMMMMMMMM[38;2;218;219;219mX[38;2;145;146;148md[38;2;50;53;57m.[38;2;34;37;41m.....[38;2;34;36;41m.[38;2;1;1;2m [0m
[0m[38;2;0;0;0m [38;2;28;32;35m.[38;2;34;37;41m........[38;2;38;41;44m.[38;2;62;64;68m''''''''''''[38;2;134;136;138mo[38;2;255;255;255mMMMMMMMM[38;2;34;37;41m........[38;2;131;133;135ml[38;2;255;255;255mMMMMMMMM[38;2;165;167;168mx[38;2;75;78;81m,,,,,,,,,[38;2;79;81;85m,[38;2;95;97;100m;[38;2;114;115;118mc[38;2;138;139;141mo[38;2;159;160;162mx[38;2;193;194;195m0[38;2;241;241;242mW[38;2;255;255;255mMMMMMMMM[38;2;187;188;190mO[38;2;65;68;71m'[38;2;34;37;41m.....[38;2;29;31;35m.[0m
[0m[38;2;6;6;7m [38;2;34;37;41m.[38;2;34;37;41m.....................[38;2;116;119;121mc[38;2;255;255;255mMMMMMMMM[38;2;34;37;41m........[38;2;131;133;135ml[38;2;255;255;255mMMMMMMMM[38;2;144;146;148md[38;2;34;37;41m...............[38;2;103;105;108m:[38;2;209;210;211mK[38;2;255;255;255mMMMMMMMM[38;2;213;214;215mK[38;2;75;78;81m,[38;2;34;37;41m....[38;2;34;37;41m.[0m
[0m[38;2;26;27;31m [38;2;34;37;41m......................[38;2;116;119;121mc[38;2;255;255;255mMMMMMMMM[38;2;34;37;41m........[38;2;131;133;135ml[38;2;255;255;255mMMMMMMMM[38;2;144;146;148md[38;2;34;37;41m................[38;2;55;58;61m.[38;2;124;126;128ml[38;2;217;218;218mX[38;2;255;255;255mMMMMMMM[38;2;224;224;225mX[38;2;76;78;81m,[38;2;34;37;41m....[0m
[0m[38;2;30;32;36m.[38;2;34;37;41m......................[38;2;116;119;121mc[38;2;255;255;255mMMMMMMMM[38;2;34;37;41m........[38;2;131;133;135ml[38;2;255;255;255mMMMMMMMM[38;2;144;146;148md[38;2;34;37;41m..................[38;2;72;74;77m'[38;2;244;244;244mW[38;2;255;255;255mMMMMMMM[38;2;195;195;196m0[38;2;34;37;41m....[0m
[0m[38;2;34;37;41m.[38;2;34;37;41m......................[38;2;116;119;121mc[38;2;255;255;255mMMMMMMMM[38;2;34;37;41m........[38;2;131;133;135ml[38;2;255;255;255mMMMMMMMM[38;2;144;146;148md[38;2;34;37;41m..................[38;2;34;37;41m.[38;2;200;201;202m0[38;2;255;255;255mMMMMMMM[38;2;251;251;251mM[38;2;58;61;65m.[38;2;34;37;41m...[0m
[0m[38;2;34;37;41m.......................[38;2;116;119;121mc[38;2;255;255;255mMMMMMMMM[38;2;34;37;41m........[38;2;131;133;135ml[38;2;255;255;255mMMMMMMMM[38;2;144;146;148md[38;2;34;37;41m...................[38;2;175;176;177mk[38;2;255;255;255mMMMMMMM[38;2;254;254;254mM[38;2;89;91;94m;[38;2;34;37;41m...[0m
[0m[38;2;27;30;34m [38;2;34;37;41m......................[38;2;116;119;121mc[38;2;255;255;255mMMMMMMMM[38;2;34;37;41m........[38;2;131;133;135ml[38;2;255;255;255mMMMMMMMM[38;2;144;146;148md[38;2;34;37;41m..................[38;2;34;37;41m.[38;2;193;194;195m0[38;2;255;255;255mMMMMMMM[38;2;251;251;251mM[38;2;61;64;68m.[38;2;34;37;41m...[0m
[0m[38;2;19;20;23m [38;2;34;37;41m......................[38;2;116;119;121mc[38;2;255;255;255mMMMMMMMM[38;2;34;37;41m........[38;2;131;133;135ml[38;2;255;255;255mMMMMMMMM[38;2;144;146;148md[38;2;34;37;41m..................[38;2;63;65;69m'[38;2;241;242;242mW[38;2;255;255;255mMMMMMMM[38;2;199;199;200m0[38;2;34;37;41m....[0m
[0m[38;2;2;2;3m [38;2;34;37;41m......................[38;2;120;122;124ml[38;2;255;255;255mMMMMMMM[38;2;248;248;248mW[38;2;34;37;41m........[38;2;131;133;135ml[38;2;255;255;255mMMMMMMMM[38;2;144;146;148md[38;2;34;37;41m................[38;2;41;44;48m.[38;2;107;109;112m:[38;2;214;215;215mK[38;2;255;255;255mMMMMMMM[38;2;227;227;228mN[38;2;79;81;84m,[38;2;34;37;41m...[38;2;34;37;41m.[0m
[0m[38;2;11;11;11m [38;2;21;23;26m [38;2;34;37;41m........[38;2;43;46;50m.[38;2;108;110;113m:[38;2;76;78;82m,[38;2;34;37;41m..........[38;2;177;178;179mk[38;2;255;255;255mMMMMMMM[38;2;230;230;230mN[38;2;34;37;41m........[38;2;131;133;135ml[38;2;255;255;255mMMMMMMMM[38;2;144;146;148md[38;2;34;37;41m..............[38;2;34;37;41m.[38;2;80;83;86m,[38;2;181;183;184mO[38;2;250;251;251mM[38;2;255;255;255mMMMMMMM[38;2;227;227;228mN[38;2;89;91;94m;[38;2;34;37;41m....[38;2;23;26;28m [0m
[0m[38;2;0;0;0m [38;2;27;27;27m [38;2;32;35;38m.[38;2;34;37;41m.....[38;2;62;64;68m'[38;2;124;126;128ml[38;2;200;201;202m0[38;2;248;248;248mW[38;2;224;225;225mX[38;2;145;146;148md[38;2;96;99;102m;[38;2;69;71;74m'[38;2;41;44;48m.[38;2;34;37;41m...[38;2;38;41;45m.[38;2;76;78;81m,[38;2;158;160;161mx[38;2;248;248;248mW[38;2;255;255;255mMMMMMMM[38;2;179;180;181mO[38;2;34;37;41m........[38;2;131;133;135ml[38;2;255;255;255mMMMMMMMM[38;2;158;160;161mx[38;2;62;64;68m''''''''[38;2;65;68;71m'[38;2;69;71;74m'[38;2;84;87;90m,[38;2;103;105;108m:[38;2;121;123;125ml[38;2;145;146;149md[38;2;176;177;179mk[38;2;231;231;232mN[38;2;255;255;255mMMMMMMM[38;2;255;255;255mM[38;2;194;195;196m0[38;2;75;78;81m,[38;2;34;37;41m....[38;2;30;32;36m.[38;2;27;27;27m [0m
[0m[38;2;0;0;0m  [38;2;21;23;26m [38;2;34;37;41m....[38;2;89;92;94m;[38;2;218;219;219mX[38;2;255;255;255mMMMMMM[38;2;227;228;228mN[38;2;189;190;191mO[38;2;163;164;166mxx[38;2;168;169;171mk[38;2;186;187;189mO[38;2;232;232;233mN[38;2;255;255;255mMMMMMMMMM[38;2;94;96;99m;[38;2;34;37;41m........[38;2;131;133;135ml[38;2;255;255;255mMMMMMMMM[38;2;237;237;237mN[38;2;218;219;219mXXXXXXXX[38;2;223;223;224mX[38;2;228;228;228mN[38;2;246;246;246mW[38;2;255;255;255mMMMMMMMMMM[38;2;255;255;255mM[38;2;241;241;241mW[38;2;172;172;174mk[38;2;55;57;61m.[38;2;34;37;41m....[38;2;34;37;41m.[38;2;8;9;10m [38;2;0;0;0m [0m
[0m[38;2;0;0;0m  [38;2;22;22;22m [38;2;32;35;39m.[38;2;34;37;41m...[38;2;122;124;126ml[38;2;231;231;231mN[38;2;255;255;255mMMMMMMMMMMMMMMMMMMM[38;2;248;248;248mW[38;2;200;200;201m0[38;2;117;119;121mc[38;2;38;40;44m.[38;2;34;37;41m........[38;2;131;133;135ml[38;2;255;255;255mMMMMMMMMMMMMMMMMMMMMMMMMMMM[38;2;255;255;255mM[38;2;220;221;221mX[38;2;168;169;171mk[38;2;120;122;124mc[38;2;79;81;84m,[38;2;38;40;45m.[38;2;34;37;41m.....[38;2;19;20;23m [38;2;9;9;9m [38;2;0;0;0m [0m
[0m[38;2;0;0;0m  [38;2;6;6;6m [38;2;6;7;8m [38;2;34;37;41m....[38;2;75;78;81m,[38;2;140;141;143mo[38;2;186;187;188mO[38;2;227;227;228mN[38;2;255;255;255mM[38;2;255;255;255mMMMMMMMMMMMMM[38;2;234;235;235mN[38;2;167;168;170mk[38;2;108;109;112m:[38;2;43;46;50m.[38;2;34;37;41m..........[38;2;131;133;135ml[38;2;255;255;255mMMMMMMMMMMMMMMMMMMMMMM[38;2;255;255;255mMM[38;2;225;225;226mX[38;2;186;186;188mO[38;2;162;164;165mx[38;2;126;127;130ml[38;2;64;66;70m'[38;2;34;37;41m........[38;2;34;37;41m.[38;2;1;1;2m [38;2;0;0;0m  [0m
[0m[38;2;0;0;0m   [38;2;9;9;9m [38;2;28;28;28m [38;2;19;20;23m [38;2;34;37;41m....[38;2;41;44;48m.[38;2;68;71;74m'[38;2;108;110;113m:[38;2;138;139;141mo[38;2;151;153;155md[38;2;162;163;164mx[38;2;177;178;180mk[38;2;186;187;188mOOOO[38;2;175;177;178mk[38;2;165;166;168mx[38;2;151;153;154md[38;2;137;139;141mo[38;2;117;119;121mc[38;2;75;78;81m,[38;2;34;37;41m.............[38;2;82;85;88m,[38;2;144;146;148mdddddddddddddddddd[38;2;141;143;145mo[38;2;136;137;139mo[38;2;124;125;128ml[38;2;113;115;118mc[38;2;106;108;111m:[38;2;93;95;98m;[38;2;67;69;72m'[38;2;38;40;45m.[38;2;34;37;41m.........[38;2;34;37;41m.[38;2;21;23;25m [38;2;26;26;26m [38;2;4;4;4m [38;2;0;0;0m  [0m
[0m[38;2;0;0;0m     [38;2;23;23;23m [38;2;15;16;18m [38;2;34;37;41m....................................................................[38;2;34;37;41m.[38;2;13;14;15m [38;2;23;23;23m [38;2;0;0;0m    [0m
[0m[38;2;0;0;0m      [38;2;12;12;12m [38;2;18;20;22m [38;2;34;37;41m..................................................................[38;2;33;36;40m.[38;2;4;4;5m [38;2;12;12;12m [38;2;0;0;0m     [0m
[0m[38;2;0;0;0m       [38;2;14;14;14m [38;2;2;2;3m [38;2;27;30;33m [38;2;34;37;41m...............................................................[38;2;29;32;36m.[38;2;23;23;23m [38;2;8;8;8m [38;2;0;0;0m      [0m
[0m[38;2;0;0;0m        [38;2;11;11;11m [38;2;25;25;25m [38;2;4;5;5m [38;2;32;35;39m.[38;2;34;37;41m...........................................................[38;2;32;34;38m.[38;2;4;4;5m [38;2;23;23;23m [38;2;0;0;0m        [0m
[0m[38;2;0;0;0m          [38;2;9;9;9m [38;2;18;18;18m [38;2;3;3;3m [38;2;32;35;39m.[38;2;34;37;41m.......................................................[38;2;19;21;23m [38;2;27;27;27m [38;2;18;18;18m [38;2;8;8;8m [38;2;0;0;0m         [0m
[0m[38;2;0;0;0m            [38;2;6;6;6m [38;2;25;25;25m [38;2;4;5;5m [38;2;29;32;36m.[38;2;34;37;41m..................................................[38;2;34;37;41m.[38;2;27;30;33m [38;2;4;4;5m [38;2;18;18;18m [38;2;0;0;0m            [0m
[0m[38;2;0;0;0m              [38;2;9;9;9m [38;2;9;9;9m [38;2;23;23;23m [38;2;4;5;5m [38;2;25;28;31m [38;2;34;37;41m.[38;2;34;37;41m...........................................[38;2;34;37;41m.[38;2;25;27;30m [38;2;2;2;2m [38;2;18;18;18m [38;2;17;17;17m [38;2;8;8;8m [38;2;0;0;0m             [0m
[0m[38;2;0;0;0m                 [38;2;13;13;13m [38;2;12;12;12m [38;2;24;24;24m [38;2;4;5;5m [38;2;27;30;33m [38;2;34;37;41m......................................[38;2;34;37;41m.[38;2;19;20;23m [38;2;2;2;2m [38;2;24;24;24m [38;2;12;12;12m [38;2;5;5;5m [38;2;0;0;0m                [0m
[0m[38;2;0;0;0m                    [38;2;9;9;9m [38;2;14;14;14m [38;2;18;18;18m [38;2;28;28;28m [38;2;27;27;27m [38;2;4;5;5m [38;2;21;23;25m [38;2;34;37;41m.[38;2;34;37;41m...........................[38;2;31;33;37m.[38;2;17;18;20m [38;2;2;2;2m [38;2;27;27;27m [38;2;27;27;27m [38;2;18;18;18m [38;2;9;9;9m [38;2;8;8;8m [38;2;0;0;0m                   [0m
[0m[38;2;0;0;0m                         [38;2;13;13;13m [38;2;12;12;12m [38;2;24;24;24m [38;2;24;24;24m  [38;2;6;7;8m [38;2;18;20;22m [38;2;29;32;36m.[38;2;34;37;41m...[38;2;34;37;41m...........[38;2;34;37;41m...[38;2;25;28;30m [38;2;15;16;18m [38;2;4;4;5m [38;2;24;24;24m [38;2;24;24;24m [38;2;18;18;18m [38;2;12;12;12m [38;2;11;11;11m [38;2;0;0;0m                        [0m
[0m[38;2;0;0;0m                              [38;2;18;18;18m [38;2;18;18;18m [38;2;18;18;18m [38;2;2;2;2m [38;2;8;9;10m [38;2;15;16;18m [38;2;22;24;27m [38;2;25;27;31m [38;2;29;32;36m.[38;2;32;35;39m.[38;2;34;37;41m...[38;2;32;35;39m.[38;2;29;32;36m.[38;2;25;27;31m [38;2;19;20;23m [38;2;15;16;18m [38;2;10;11;13m [38;2;2;2;2m [38;2;18;18;18m [38;2;18;18;18m [38;2;16;16;16m [38;2;0;0;0m                             [0m
